$ANSIBLE_VAULT;1.1;AES256
63616633383939666334313338656135323964663033313431373563633865616134323266316531
6130373961346537383036393937363265373034343964650a636237363932386233343330643931
38643262376230373632326462376131303133613765666339653938616636353065346265363634
6530393337373835660a613661346635386136316263646563643431386264633337313662646133
64396536333337366233323063333464363062666239323331663232343732366365643662326632
37363961316464313164343964373163653366633563343131313564656666373534613337613562
64313662656131303938306662613634313661303035326666303630316234653638346138363637
61653665373265363538616537373334353735613534646436643635633236313633623431626164
32613166653863666437343462383065306163636665653334626137636662356361383836313761
65333138373737663533653537316665643761353962356131346430656565636466656661333834
31333666343033646633613636633433383936323861386231663136316265303532633831336630
64373133336533353562376430343262626461346539313262386539663530613566613330626639
61396237343261343333613438656466363966346363373731353538353865396536333962616166
38393463626132386430646463646661626666616265366137613934326439353538626263396562
36633963383233373738623636393935646430346234393862383838363832663431653466613730
34393636356537626236663461616363373466656363356532633739363834623965656135333731
39343538616530363533373831316230386661333139616235313536396139303731366364663131
37336662613361373838633866323765636561363832383139313633636536643763323731373533
61356136646530396130353932376631313639306434323037343934616233626566636262316139
37333437656531333736643638643965633235303632633964626637633339656230393435663934
61663663393332623336613263663664613232663062633238656132613364373338306466363164
61613064613265396162623831623239653561393037633934386464366530303961373563633431
31323536313562356231306338366165363136373534333664373034356465346339623162343061
63643633313266356332393839303537623137656236306433363430353239653438656332373631
34383835383931353830336131316262633461343539383661323232363065626164613264633330
36336531643864633261363061633963616537343634346266626238643966396335646263643933
30393036353733356433306633666163393666633862353962326563663038366262626464376564
63653864313964623739
